   28.093000000000000                0           4           9  -5.3550000000000004                0           0           1  -33.448000000000000                1
   22.242999999999999                0           4           9  -5.3550000000000004                0           1           3  -27.597999999999999               -1
   20.983000000000001                0           4           9  -5.3550000000000004                0           1           1  -26.338000000000001               -1
   15.469999999999999                0           4           9  -5.3550000000000004                0           2           5  -20.824999999999999                1
   12.632999999999999                0           4           9  -5.3550000000000004                0           2           3  -17.988000000000000                1
   11.698000000000000                0           4           9  -5.3550000000000004                1           0           1  -17.053000000000001                1
   8.0039999999999996                0           4           9  -5.3550000000000004                0           3           7  -13.359000000000000               -1
   3.1619999999999990                0           4           9  -5.3550000000000004                1           1           3  -8.5169999999999995               -1
   3.0999999999999996                0           4           9  -5.3550000000000004                0           3           5  -8.4550000000000001               -1
   1.3350000000000000                0           4           9  -5.3550000000000004                1           1           1  -6.6900000000000004               -1
   33.247000000000000                1           2           5 -0.20100000000000001                0           0           1  -33.448000000000000                1
   27.396999999999998                1           2           5 -0.20100000000000001                0           1           3  -27.597999999999999               -1
   26.137000000000000                1           2           5 -0.20100000000000001                0           1           1  -26.338000000000001               -1
   20.623999999999999                1           2           5 -0.20100000000000001                0           2           5  -20.824999999999999                1
   17.786999999999999                1           2           5 -0.20100000000000001                0           2           3  -17.988000000000000                1
   16.852000000000000                1           2           5 -0.20100000000000001                1           0           1  -17.053000000000001                1
   13.157999999999999                1           2           5 -0.20100000000000001                0           3           7  -13.359000000000000               -1
   8.3159999999999989                1           2           5 -0.20100000000000001                1           1           3  -8.5169999999999995               -1
   8.2539999999999996                1           2           5 -0.20100000000000001                0           3           5  -8.4550000000000001               -1
   6.4890000000000008                1           2           5 -0.20100000000000001                1           1           1  -6.6900000000000004               -1
   35.302999999999997                2           0           1   1.8550000000000000                0           0           1  -33.448000000000000                1
   29.452999999999999                2           0           1   1.8550000000000000                0           1           3  -27.597999999999999               -1
   28.193000000000001                2           0           1   1.8550000000000000                0           1           1  -26.338000000000001               -1
   22.680000000000000                2           0           1   1.8550000000000000                0           2           5  -20.824999999999999                1
   19.843000000000000                2           0           1   1.8550000000000000                0           2           3  -17.988000000000000                1
   18.908000000000001                2           0           1   1.8550000000000000                1           0           1  -17.053000000000001                1
   15.214000000000000                2           0           1   1.8550000000000000                0           3           7  -13.359000000000000               -1
   10.372000000000000                2           0           1   1.8550000000000000                1           1           3  -8.5169999999999995               -1
   10.310000000000000                2           0           1   1.8550000000000000                0           3           5  -8.4550000000000001               -1
   8.5449999999999999                2           0           1   1.8550000000000000                1           1           1  -6.6900000000000004               -1
   35.366000000000000                0           4           7   1.9179999999999999                0           0           1  -33.448000000000000                1
   29.515999999999998                0           4           7   1.9179999999999999                0           1           3  -27.597999999999999               -1
   28.256000000000000                0           4           7   1.9179999999999999                0           1           1  -26.338000000000001               -1
   22.742999999999999                0           4           7   1.9179999999999999                0           2           5  -20.824999999999999                1
   19.905999999999999                0           4           7   1.9179999999999999                0           2           3  -17.988000000000000                1
   18.971000000000000                0           4           7   1.9179999999999999                1           0           1  -17.053000000000001                1
   15.276999999999999                0           4           7   1.9179999999999999                0           3           7  -13.359000000000000               -1
   10.434999999999999                0           4           7   1.9179999999999999                1           1           3  -8.5169999999999995               -1
   10.372999999999999                0           4           7   1.9179999999999999                0           3           5  -8.4550000000000001               -1
   8.6080000000000005                0           4           7   1.9179999999999999                1           1           1  -6.6900000000000004               -1
   36.356000000000002                1           2           3   2.9079999999999999                0           0           1  -33.448000000000000                1
   30.506000000000000                1           2           3   2.9079999999999999                0           1           3  -27.597999999999999               -1
   29.246000000000002                1           2           3   2.9079999999999999                0           1           1  -26.338000000000001               -1
   23.733000000000001                1           2           3   2.9079999999999999                0           2           5  -20.824999999999999                1
   20.896000000000001                1           2           3   2.9079999999999999                0           2           3  -17.988000000000000                1
   19.961000000000002                1           2           3   2.9079999999999999                1           0           1  -17.053000000000001                1
   16.266999999999999                1           2           3   2.9079999999999999                0           3           7  -13.359000000000000               -1
   11.424999999999999                1           2           3   2.9079999999999999                1           1           3  -8.5169999999999995               -1
   11.363000000000000                1           2           3   2.9079999999999999                0           3           5  -8.4550000000000001               -1
   9.5980000000000008                1           2           3   2.9079999999999999                1           1           1  -6.6900000000000004               -1
   36.497999999999998                0           5          11   3.0499999999999998                0           0           1  -33.448000000000000               -1
   30.648000000000000                0           5          11   3.0499999999999998                0           1           3  -27.597999999999999                1
   29.388000000000002                0           5          11   3.0499999999999998                0           1           1  -26.338000000000001                1
   23.875000000000000                0           5          11   3.0499999999999998                0           2           5  -20.824999999999999               -1
   21.038000000000000                0           5          11   3.0499999999999998                0           2           3  -17.988000000000000               -1
   20.103000000000002                0           5          11   3.0499999999999998                1           0           1  -17.053000000000001               -1
   16.408999999999999                0           5          11   3.0499999999999998                0           3           7  -13.359000000000000                1
   11.567000000000000                0           5          11   3.0499999999999998                1           1           3  -8.5169999999999995                1
   11.504999999999999                0           5          11   3.0499999999999998                0           3           5  -8.4550000000000001                1
   9.7400000000000002                0           5          11   3.0499999999999998                1           1           1  -6.6900000000000004                1
   40.814999999999998                1           3           7   7.3670000000000000                0           0           1  -33.448000000000000               -1
   34.964999999999996                1           3           7   7.3670000000000000                0           1           3  -27.597999999999999                1
   33.704999999999998                1           3           7   7.3670000000000000                0           1           1  -26.338000000000001                1
   28.192000000000000                1           3           7   7.3670000000000000                0           2           5  -20.824999999999999               -1
   25.355000000000000                1           3           7   7.3670000000000000                0           2           3  -17.988000000000000               -1
   24.420000000000002                1           3           7   7.3670000000000000                1           0           1  -17.053000000000001               -1
   20.725999999999999                1           3           7   7.3670000000000000                0           3           7  -13.359000000000000                1
   15.884000000000000                1           3           7   7.3670000000000000                1           1           3  -8.5169999999999995                1
   15.821999999999999                1           3           7   7.3670000000000000                0           3           5  -8.4550000000000001                1
   14.057000000000000                1           3           7   7.3670000000000000                1           1           1  -6.6900000000000004                1
   41.633000000000003                2           1           3   8.1850000000000005                0           0           1  -33.448000000000000               -1
   35.783000000000001                2           1           3   8.1850000000000005                0           1           3  -27.597999999999999                1
   34.523000000000003                2           1           3   8.1850000000000005                0           1           1  -26.338000000000001                1
   29.009999999999998                2           1           3   8.1850000000000005                0           2           5  -20.824999999999999               -1
   26.173000000000002                2           1           3   8.1850000000000005                0           2           3  -17.988000000000000               -1
   25.238000000000000                2           1           3   8.1850000000000005                1           0           1  -17.053000000000001               -1
   21.544000000000000                2           1           3   8.1850000000000005                0           3           7  -13.359000000000000                1
   16.701999999999998                2           1           3   8.1850000000000005                1           1           3  -8.5169999999999995                1
   16.640000000000001                2           1           3   8.1850000000000005                0           3           5  -8.4550000000000001                1
   14.875000000000000                2           1           3   8.1850000000000005                1           1           1  -6.6900000000000004                1
   42.561999999999998                2           1           1   9.1140000000000008                0           0           1  -33.448000000000000               -1
   36.712000000000003                2           1           1   9.1140000000000008                0           1           3  -27.597999999999999                1
   35.451999999999998                2           1           1   9.1140000000000008                0           1           1  -26.338000000000001                1
   29.939000000000000                2           1           1   9.1140000000000008                0           2           5  -20.824999999999999               -1
   27.102000000000000                2           1           1   9.1140000000000008                0           2           3  -17.988000000000000               -1
   26.167000000000002                2           1           1   9.1140000000000008                1           0           1  -17.053000000000001               -1
   22.472999999999999                2           1           1   9.1140000000000008                0           3           7  -13.359000000000000                1
   17.631000000000000                2           1           1   9.1140000000000008                1           1           3  -8.5169999999999995                1
   17.569000000000003                2           1           1   9.1140000000000008                0           3           5  -8.4550000000000001                1
   15.804000000000002                2           1           1   9.1140000000000008                1           1           1  -6.6900000000000004                1
   44.030999999999999                1           3           5   10.583000000000000                0           0           1  -33.448000000000000               -1
   38.180999999999997                1           3           5   10.583000000000000                0           1           3  -27.597999999999999                1
   36.920999999999999                1           3           5   10.583000000000000                0           1           1  -26.338000000000001                1
   31.408000000000001                1           3           5   10.583000000000000                0           2           5  -20.824999999999999               -1
   28.570999999999998                1           3           5   10.583000000000000                0           2           3  -17.988000000000000               -1
   27.636000000000003                1           3           5   10.583000000000000                1           0           1  -17.053000000000001               -1
   23.942000000000000                1           3           5   10.583000000000000                0           3           7  -13.359000000000000                1
   19.100000000000001                1           3           5   10.583000000000000                1           1           3  -8.5169999999999995                1
   19.038000000000000                1           3           5   10.583000000000000                0           3           5  -8.4550000000000001                1
   17.273000000000000                1           3           5   10.583000000000000                1           1           1  -6.6900000000000004                1
   45.100000000000001                0           6          13   11.651999999999999                0           0           1  -33.448000000000000                1
   39.250000000000000                0           6          13   11.651999999999999                0           1           3  -27.597999999999999               -1
   37.990000000000002                0           6          13   11.651999999999999                0           1           1  -26.338000000000001               -1
   32.476999999999997                0           6          13   11.651999999999999                0           2           5  -20.824999999999999                1
   29.640000000000001                0           6          13   11.651999999999999                0           2           3  -17.988000000000000                1
   28.704999999999998                0           6          13   11.651999999999999                1           0           1  -17.053000000000001                1
   25.010999999999999                0           6          13   11.651999999999999                0           3           7  -13.359000000000000               -1
   20.168999999999997                0           6          13   11.651999999999999                1           1           3  -8.5169999999999995               -1
   20.106999999999999                0           6          13   11.651999999999999                0           3           5  -8.4550000000000001               -1
   18.341999999999999                0           6          13   11.651999999999999                1           1           1  -6.6900000000000004               -1
   45.511000000000003                2           2           5   12.063000000000001                0           0           1  -33.448000000000000                1
   39.661000000000001                2           2           5   12.063000000000001                0           1           3  -27.597999999999999               -1
   38.401000000000003                2           2           5   12.063000000000001                0           1           1  -26.338000000000001               -1
   32.887999999999998                2           2           5   12.063000000000001                0           2           5  -20.824999999999999                1
   30.051000000000002                2           2           5   12.063000000000001                0           2           3  -17.988000000000000                1
   29.116000000000000                2           2           5   12.063000000000001                1           0           1  -17.053000000000001                1
   25.422000000000001                2           2           5   12.063000000000001                0           3           7  -13.359000000000000               -1
   20.579999999999998                2           2           5   12.063000000000001                1           1           3  -8.5169999999999995               -1
   20.518000000000001                2           2           5   12.063000000000001                0           3           5  -8.4550000000000001               -1
   18.753000000000000                2           2           5   12.063000000000001                1           1           1  -6.6900000000000004               -1
   45.878999999999998                0           5           9   12.430999999999999                0           0           1  -33.448000000000000               -1
   40.028999999999996                0           5           9   12.430999999999999                0           1           3  -27.597999999999999                1
   38.768999999999998                0           5           9   12.430999999999999                0           1           1  -26.338000000000001                1
   33.256000000000000                0           5           9   12.430999999999999                0           2           5  -20.824999999999999               -1
   30.418999999999997                0           5           9   12.430999999999999                0           2           3  -17.988000000000000               -1
   29.484000000000002                0           5           9   12.430999999999999                1           0           1  -17.053000000000001               -1
   25.789999999999999                0           5           9   12.430999999999999                0           3           7  -13.359000000000000                1
   20.948000000000000                0           5           9   12.430999999999999                1           1           3  -8.5169999999999995                1
   20.885999999999999                0           5           9   12.430999999999999                0           3           5  -8.4550000000000001                1
   19.120999999999999                0           5           9   12.430999999999999                1           1           1  -6.6900000000000004                1
   46.290999999999997                2           2           3   12.843000000000000                0           0           1  -33.448000000000000                1
   40.441000000000003                2           2           3   12.843000000000000                0           1           3  -27.597999999999999               -1
   39.180999999999997                2           2           3   12.843000000000000                0           1           1  -26.338000000000001               -1
   33.667999999999999                2           2           3   12.843000000000000                0           2           5  -20.824999999999999                1
   30.831000000000000                2           2           3   12.843000000000000                0           2           3  -17.988000000000000                1
   29.896000000000001                2           2           3   12.843000000000000                1           0           1  -17.053000000000001                1
   26.201999999999998                2           2           3   12.843000000000000                0           3           7  -13.359000000000000               -1
   21.359999999999999                2           2           3   12.843000000000000                1           1           3  -8.5169999999999995               -1
   21.298000000000002                2           2           3   12.843000000000000                0           3           5  -8.4550000000000001               -1
   19.533000000000001                2           2           3   12.843000000000000                1           1           1  -6.6900000000000004               -1
   46.384999999999998                1           4           9   12.936999999999999                0           0           1  -33.448000000000000                1
   40.534999999999997                1           4           9   12.936999999999999                0           1           3  -27.597999999999999               -1
   39.274999999999999                1           4           9   12.936999999999999                0           1           1  -26.338000000000001               -1
   33.762000000000000                1           4           9   12.936999999999999                0           2           5  -20.824999999999999                1
   30.924999999999997                1           4           9   12.936999999999999                0           2           3  -17.988000000000000                1
   29.990000000000002                1           4           9   12.936999999999999                1           0           1  -17.053000000000001                1
   26.295999999999999                1           4           9   12.936999999999999                0           3           7  -13.359000000000000               -1
   21.454000000000001                1           4           9   12.936999999999999                1           1           3  -8.5169999999999995               -1
   21.391999999999999                1           4           9   12.936999999999999                0           3           5  -8.4550000000000001               -1
   19.626999999999999                1           4           9   12.936999999999999                1           1           1  -6.6900000000000004               -1
   47.941000000000003                1           4           7   14.493000000000000                0           0           1  -33.448000000000000                1
   42.091000000000001                1           4           7   14.493000000000000                0           1           3  -27.597999999999999               -1
   40.831000000000003                1           4           7   14.493000000000000                0           1           1  -26.338000000000001               -1
   35.317999999999998                1           4           7   14.493000000000000                0           2           5  -20.824999999999999                1
   32.481000000000002                1           4           7   14.493000000000000                0           2           3  -17.988000000000000                1
   31.545999999999999                1           4           7   14.493000000000000                1           0           1  -17.053000000000001                1
   27.852000000000000                1           4           7   14.493000000000000                0           3           7  -13.359000000000000               -1
   23.009999999999998                1           4           7   14.493000000000000                1           1           3  -8.5169999999999995               -1
   22.948000000000000                1           4           7   14.493000000000000                0           3           5  -8.4550000000000001               -1
   21.183000000000000                1           4           7   14.493000000000000                1           1           1  -6.6900000000000004               -1
   48.593000000000004                2           3           7   15.145000000000000                0           0           1  -33.448000000000000               -1
   42.742999999999995                2           3           7   15.145000000000000                0           1           3  -27.597999999999999                1
   41.483000000000004                2           3           7   15.145000000000000                0           1           1  -26.338000000000001                1
   35.969999999999999                2           3           7   15.145000000000000                0           2           5  -20.824999999999999               -1
   33.132999999999996                2           3           7   15.145000000000000                0           2           3  -17.988000000000000               -1
   32.198000000000000                2           3           7   15.145000000000000                1           0           1  -17.053000000000001               -1
   28.503999999999998                2           3           7   15.145000000000000                0           3           7  -13.359000000000000                1
   23.661999999999999                2           3           7   15.145000000000000                1           1           3  -8.5169999999999995                1
   23.600000000000001                2           3           7   15.145000000000000                0           3           5  -8.4550000000000001                1
   21.835000000000001                2           3           7   15.145000000000000                1           1           1  -6.6900000000000004                1
   49.688000000000002                1           5          11   16.239999999999998                0           0           1  -33.448000000000000               -1
   43.837999999999994                1           5          11   16.239999999999998                0           1           3  -27.597999999999999                1
   42.578000000000003                1           5          11   16.239999999999998                0           1           1  -26.338000000000001                1
   37.064999999999998                1           5          11   16.239999999999998                0           2           5  -20.824999999999999               -1
   34.227999999999994                1           5          11   16.239999999999998                0           2           3  -17.988000000000000               -1
   33.292999999999999                1           5          11   16.239999999999998                1           0           1  -17.053000000000001               -1
   29.598999999999997                1           5          11   16.239999999999998                0           3           7  -13.359000000000000                1
   24.756999999999998                1           5          11   16.239999999999998                1           1           3  -8.5169999999999995                1
   24.695000000000000                1           5          11   16.239999999999998                0           3           5  -8.4550000000000001                1
   22.930000000000000                1           5          11   16.239999999999998                1           1           1  -6.6900000000000004                1
   50.150000000000006                2           3           5   16.702000000000002                0           0           1  -33.448000000000000               -1
   44.299999999999997                2           3           5   16.702000000000002                0           1           3  -27.597999999999999                1
   43.040000000000006                2           3           5   16.702000000000002                0           1           1  -26.338000000000001                1
   37.527000000000001                2           3           5   16.702000000000002                0           2           5  -20.824999999999999               -1
   34.689999999999998                2           3           5   16.702000000000002                0           2           3  -17.988000000000000               -1
   33.755000000000003                2           3           5   16.702000000000002                1           0           1  -17.053000000000001               -1
   30.061000000000000                2           3           5   16.702000000000002                0           3           7  -13.359000000000000                1
   25.219000000000001                2           3           5   16.702000000000002                1           1           3  -8.5169999999999995                1
   25.157000000000004                2           3           5   16.702000000000002                0           3           5  -8.4550000000000001                1
   23.392000000000003                2           3           5   16.702000000000002                1           1           1  -6.6900000000000004                1
   50.698999999999998                1           5           9   17.251000000000001                0           0           1  -33.448000000000000               -1
   44.849000000000004                1           5           9   17.251000000000001                0           1           3  -27.597999999999999                1
   43.588999999999999                1           5           9   17.251000000000001                0           1           1  -26.338000000000001                1
   38.076000000000001                1           5           9   17.251000000000001                0           2           5  -20.824999999999999               -1
   35.239000000000004                1           5           9   17.251000000000001                0           2           3  -17.988000000000000               -1
   34.304000000000002                1           5           9   17.251000000000001                1           0           1  -17.053000000000001               -1
   30.609999999999999                1           5           9   17.251000000000001                0           3           7  -13.359000000000000                1
   25.768000000000001                1           5           9   17.251000000000001                1           1           3  -8.5169999999999995                1
   25.706000000000003                1           5           9   17.251000000000001                0           3           5  -8.4550000000000001                1
   23.941000000000003                1           5           9   17.251000000000001                1           1           1  -6.6900000000000004                1
   51.775000000000006                0           6          11   18.327000000000002                0           0           1  -33.448000000000000                1
   45.924999999999997                0           6          11   18.327000000000002                0           1           3  -27.597999999999999               -1
   44.665000000000006                0           6          11   18.327000000000002                0           1           1  -26.338000000000001               -1
   39.152000000000001                0           6          11   18.327000000000002                0           2           5  -20.824999999999999                1
   36.314999999999998                0           6          11   18.327000000000002                0           2           3  -17.988000000000000                1
   35.380000000000003                0           6          11   18.327000000000002                1           0           1  -17.053000000000001                1
   31.686000000000000                0           6          11   18.327000000000002                0           3           7  -13.359000000000000               -1
   26.844000000000001                0           6          11   18.327000000000002                1           1           3  -8.5169999999999995               -1
   26.782000000000004                0           6          11   18.327000000000002                0           3           5  -8.4550000000000001               -1
   25.017000000000003                0           6          11   18.327000000000002                1           1           1  -6.6900000000000004               -1
   52.296999999999997                1           6          13   18.849000000000000                0           0           1  -33.448000000000000                1
   46.447000000000003                1           6          13   18.849000000000000                0           1           3  -27.597999999999999               -1
   45.186999999999998                1           6          13   18.849000000000000                0           1           1  -26.338000000000001               -1
   39.673999999999999                1           6          13   18.849000000000000                0           2           5  -20.824999999999999                1
   36.837000000000003                1           6          13   18.849000000000000                0           2           3  -17.988000000000000                1
   35.902000000000001                1           6          13   18.849000000000000                1           0           1  -17.053000000000001                1
   32.207999999999998                1           6          13   18.849000000000000                0           3           7  -13.359000000000000               -1
   27.366000000000000                1           6          13   18.849000000000000                1           1           3  -8.5169999999999995               -1
   27.304000000000002                1           6          13   18.849000000000000                0           3           5  -8.4550000000000001               -1
   25.539000000000001                1           6          13   18.849000000000000                1           1           1  -6.6900000000000004               -1
   52.716999999999999                2           4           9   19.268999999999998                0           0           1  -33.448000000000000                1
   46.866999999999997                2           4           9   19.268999999999998                0           1           3  -27.597999999999999               -1
   45.606999999999999                2           4           9   19.268999999999998                0           1           1  -26.338000000000001               -1
   40.093999999999994                2           4           9   19.268999999999998                0           2           5  -20.824999999999999                1
   37.256999999999998                2           4           9   19.268999999999998                0           2           3  -17.988000000000000                1
   36.322000000000003                2           4           9   19.268999999999998                1           0           1  -17.053000000000001                1
   32.628000000000000                2           4           9   19.268999999999998                0           3           7  -13.359000000000000               -1
   27.785999999999998                2           4           9   19.268999999999998                1           1           3  -8.5169999999999995               -1
   27.723999999999997                2           4           9   19.268999999999998                0           3           5  -8.4550000000000001               -1
   25.959000000000000                2           4           9   19.268999999999998                1           1           1  -6.6900000000000004               -1
   52.753000000000000                0           7          15   19.305000000000000                0           0           1  -33.448000000000000               -1
   46.902999999999999                0           7          15   19.305000000000000                0           1           3  -27.597999999999999                1
   45.643000000000001                0           7          15   19.305000000000000                0           1           1  -26.338000000000001                1
   40.129999999999995                0           7          15   19.305000000000000                0           2           5  -20.824999999999999               -1
   37.292999999999999                0           7          15   19.305000000000000                0           2           3  -17.988000000000000               -1
   36.358000000000004                0           7          15   19.305000000000000                1           0           1  -17.053000000000001               -1
   32.664000000000001                0           7          15   19.305000000000000                0           3           7  -13.359000000000000                1
   27.821999999999999                0           7          15   19.305000000000000                1           1           3  -8.5169999999999995                1
   27.759999999999998                0           7          15   19.305000000000000                0           3           5  -8.4550000000000001                1
   25.995000000000001                0           7          15   19.305000000000000                1           1           1  -6.6900000000000004                1
   54.213000000000001                0           7          13   20.765000000000001                0           0           1  -33.448000000000000               -1
   48.363000000000000                0           7          13   20.765000000000001                0           1           3  -27.597999999999999                1
   47.103000000000002                0           7          13   20.765000000000001                0           1           1  -26.338000000000001                1
   41.590000000000003                0           7          13   20.765000000000001                0           2           5  -20.824999999999999               -1
   38.753000000000000                0           7          13   20.765000000000001                0           2           3  -17.988000000000000               -1
   37.817999999999998                0           7          13   20.765000000000001                1           0           1  -17.053000000000001               -1
   34.124000000000002                0           7          13   20.765000000000001                0           3           7  -13.359000000000000                1
   29.282000000000000                0           7          13   20.765000000000001                1           1           3  -8.5169999999999995                1
   29.219999999999999                0           7          13   20.765000000000001                0           3           5  -8.4550000000000001                1
   27.455000000000002                0           7          13   20.765000000000001                1           1           1  -6.6900000000000004                1
   55.801000000000002                1           7          15   22.353000000000002                0           0           1  -33.448000000000000               -1
   49.951000000000001                1           7          15   22.353000000000002                0           1           3  -27.597999999999999                1
   48.691000000000003                1           7          15   22.353000000000002                0           1           1  -26.338000000000001                1
   43.177999999999997                1           7          15   22.353000000000002                0           2           5  -20.824999999999999               -1
   40.341000000000001                1           7          15   22.353000000000002                0           2           3  -17.988000000000000               -1
   39.406000000000006                1           7          15   22.353000000000002                1           0           1  -17.053000000000001               -1
   35.712000000000003                1           7          15   22.353000000000002                0           3           7  -13.359000000000000                1
   30.870000000000001                1           7          15   22.353000000000002                1           1           3  -8.5169999999999995                1
   30.808000000000000                1           7          15   22.353000000000002                0           3           5  -8.4550000000000001                1
   29.043000000000003                1           7          15   22.353000000000002                1           1           1  -6.6900000000000004                1
   56.085000000000001                2           4           7   22.637000000000000                0           0           1  -33.448000000000000                1
   50.234999999999999                2           4           7   22.637000000000000                0           1           3  -27.597999999999999               -1
   48.975000000000001                2           4           7   22.637000000000000                0           1           1  -26.338000000000001               -1
   43.462000000000003                2           4           7   22.637000000000000                0           2           5  -20.824999999999999                1
   40.625000000000000                2           4           7   22.637000000000000                0           2           3  -17.988000000000000                1
   39.689999999999998                2           4           7   22.637000000000000                1           0           1  -17.053000000000001                1
   35.996000000000002                2           4           7   22.637000000000000                0           3           7  -13.359000000000000               -1
   31.154000000000000                2           4           7   22.637000000000000                1           1           3  -8.5169999999999995               -1
   31.091999999999999                2           4           7   22.637000000000000                0           3           5  -8.4550000000000001               -1
   29.327000000000002                2           4           7   22.637000000000000                1           1           1  -6.6900000000000004               -1
   56.201000000000001                0           8          17   22.753000000000000                0           0           1  -33.448000000000000                1
   50.350999999999999                0           8          17   22.753000000000000                0           1           3  -27.597999999999999               -1
   49.091000000000001                0           8          17   22.753000000000000                0           1           1  -26.338000000000001               -1
   43.578000000000003                0           8          17   22.753000000000000                0           2           5  -20.824999999999999                1
   40.741000000000000                0           8          17   22.753000000000000                0           2           3  -17.988000000000000                1
   39.805999999999997                0           8          17   22.753000000000000                1           0           1  -17.053000000000001                1
   36.112000000000002                0           8          17   22.753000000000000                0           3           7  -13.359000000000000               -1
   31.270000000000000                0           8          17   22.753000000000000                1           1           3  -8.5169999999999995               -1
   31.207999999999998                0           8          17   22.753000000000000                0           3           5  -8.4550000000000001               -1
   29.443000000000001                0           8          17   22.753000000000000                1           1           1  -6.6900000000000004               -1
   56.513000000000005                0           8          15   23.065000000000001                0           0           1  -33.448000000000000                1
   50.662999999999997                0           8          15   23.065000000000001                0           1           3  -27.597999999999999               -1
   49.403000000000006                0           8          15   23.065000000000001                0           1           1  -26.338000000000001               -1
   43.890000000000001                0           8          15   23.065000000000001                0           2           5  -20.824999999999999                1
   41.052999999999997                0           8          15   23.065000000000001                0           2           3  -17.988000000000000                1
   40.118000000000002                0           8          15   23.065000000000001                1           0           1  -17.053000000000001                1
   36.423999999999999                0           8          15   23.065000000000001                0           3           7  -13.359000000000000               -1
   31.582000000000001                0           8          15   23.065000000000001                1           1           3  -8.5169999999999995               -1
   31.520000000000003                0           8          15   23.065000000000001                0           3           5  -8.4550000000000001               -1
   29.755000000000003                0           8          15   23.065000000000001                1           1           1  -6.6900000000000004               -1
   57.399000000000001                1           6          11   23.951000000000001                0           0           1  -33.448000000000000                1
   51.548999999999999                1           6          11   23.951000000000001                0           1           3  -27.597999999999999               -1
   50.289000000000001                1           6          11   23.951000000000001                0           1           1  -26.338000000000001               -1
   44.775999999999996                1           6          11   23.951000000000001                0           2           5  -20.824999999999999                1
   41.939000000000000                1           6          11   23.951000000000001                0           2           3  -17.988000000000000                1
   41.004000000000005                1           6          11   23.951000000000001                1           0           1  -17.053000000000001                1
   37.310000000000002                1           6          11   23.951000000000001                0           3           7  -13.359000000000000               -1
   32.468000000000004                1           6          11   23.951000000000001                1           1           3  -8.5169999999999995               -1
   32.405999999999999                1           6          11   23.951000000000001                0           3           5  -8.4550000000000001               -1
   30.641000000000002                1           6          11   23.951000000000001                1           1           1  -6.6900000000000004               -1
   58.108000000000004                2           5          11   24.660000000000000                0           0           1  -33.448000000000000               -1
   52.257999999999996                2           5          11   24.660000000000000                0           1           3  -27.597999999999999                1
   50.998000000000005                2           5          11   24.660000000000000                0           1           1  -26.338000000000001                1
   45.484999999999999                2           5          11   24.660000000000000                0           2           5  -20.824999999999999               -1
   42.647999999999996                2           5          11   24.660000000000000                0           2           3  -17.988000000000000               -1
   41.713000000000001                2           5          11   24.660000000000000                1           0           1  -17.053000000000001               -1
   38.018999999999998                2           5          11   24.660000000000000                0           3           7  -13.359000000000000                1
   33.177000000000000                2           5          11   24.660000000000000                1           1           3  -8.5169999999999995                1
   33.115000000000002                2           5          11   24.660000000000000                0           3           5  -8.4550000000000001                1
   31.350000000000001                2           5          11   24.660000000000000                1           1           1  -6.6900000000000004                1
   61.688000000000002                2           5           9   28.239999999999998                0           0           1  -33.448000000000000               -1
   55.837999999999994                2           5           9   28.239999999999998                0           1           3  -27.597999999999999                1
   54.578000000000003                2           5           9   28.239999999999998                0           1           1  -26.338000000000001                1
   49.064999999999998                2           5           9   28.239999999999998                0           2           5  -20.824999999999999               -1
   46.227999999999994                2           5           9   28.239999999999998                0           2           3  -17.988000000000000               -1
   45.292999999999999                2           5           9   28.239999999999998                1           0           1  -17.053000000000001               -1
   41.598999999999997                2           5           9   28.239999999999998                0           3           7  -13.359000000000000                1
   36.756999999999998                2           5           9   28.239999999999998                1           1           3  -8.5169999999999995                1
   36.695000000000000                2           5           9   28.239999999999998                0           3           5  -8.4550000000000001                1
   34.930000000000000                2           5           9   28.239999999999998                1           1           1  -6.6900000000000004                1
   63.164999999999999                1           8          17   29.716999999999999                0           0           1  -33.448000000000000                1
   57.314999999999998                1           8          17   29.716999999999999                0           1           3  -27.597999999999999               -1
   56.055000000000000                1           8          17   29.716999999999999                0           1           1  -26.338000000000001               -1
   50.542000000000002                1           8          17   29.716999999999999                0           2           5  -20.824999999999999                1
   47.704999999999998                1           8          17   29.716999999999999                0           2           3  -17.988000000000000                1
   46.769999999999996                1           8          17   29.716999999999999                1           0           1  -17.053000000000001                1
   43.076000000000001                1           8          17   29.716999999999999                0           3           7  -13.359000000000000               -1
   38.233999999999995                1           8          17   29.716999999999999                1           1           3  -8.5169999999999995               -1
   38.171999999999997                1           8          17   29.716999999999999                0           3           5  -8.4550000000000001               -1
   36.406999999999996                1           8          17   29.716999999999999                1           1           1  -6.6900000000000004               -1
   63.248000000000005                2           6          13   29.800000000000001                0           0           1  -33.448000000000000                1
   57.397999999999996                2           6          13   29.800000000000001                0           1           3  -27.597999999999999               -1
   56.138000000000005                2           6          13   29.800000000000001                0           1           1  -26.338000000000001               -1
   50.625000000000000                2           6          13   29.800000000000001                0           2           5  -20.824999999999999                1
   47.787999999999997                2           6          13   29.800000000000001                0           2           3  -17.988000000000000                1
   46.853000000000002                2           6          13   29.800000000000001                1           0           1  -17.053000000000001                1
   43.158999999999999                2           6          13   29.800000000000001                0           3           7  -13.359000000000000               -1
   38.317000000000000                2           6          13   29.800000000000001                1           1           3  -8.5169999999999995               -1
   38.255000000000003                2           6          13   29.800000000000001                0           3           5  -8.4550000000000001               -1
   36.490000000000002                2           6          13   29.800000000000001                1           1           1  -6.6900000000000004               -1
   64.960000000000008                1           7          13   31.512000000000000                0           0           1  -33.448000000000000               -1
   59.109999999999999                1           7          13   31.512000000000000                0           1           3  -27.597999999999999                1
   57.850000000000001                1           7          13   31.512000000000000                0           1           1  -26.338000000000001                1
   52.337000000000003                1           7          13   31.512000000000000                0           2           5  -20.824999999999999               -1
   49.500000000000000                1           7          13   31.512000000000000                0           2           3  -17.988000000000000               -1
   48.564999999999998                1           7          13   31.512000000000000                1           0           1  -17.053000000000001               -1
   44.871000000000002                1           7          13   31.512000000000000                0           3           7  -13.359000000000000                1
   40.028999999999996                1           7          13   31.512000000000000                1           1           3  -8.5169999999999995                1
   39.966999999999999                1           7          13   31.512000000000000                0           3           5  -8.4550000000000001                1
   38.201999999999998                1           7          13   31.512000000000000                1           1           1  -6.6900000000000004                1
   66.853999999999999                2           6          11   33.405999999999999                0           0           1  -33.448000000000000                1
   61.003999999999998                2           6          11   33.405999999999999                0           1           3  -27.597999999999999               -1
   59.744000000000000                2           6          11   33.405999999999999                0           1           1  -26.338000000000001               -1
   54.230999999999995                2           6          11   33.405999999999999                0           2           5  -20.824999999999999                1
   51.393999999999998                2           6          11   33.405999999999999                0           2           3  -17.988000000000000                1
   50.459000000000003                2           6          11   33.405999999999999                1           0           1  -17.053000000000001                1
   46.765000000000001                2           6          11   33.405999999999999                0           3           7  -13.359000000000000               -1
   41.923000000000002                2           6          11   33.405999999999999                1           1           3  -8.5169999999999995               -1
   41.860999999999997                2           6          11   33.405999999999999                0           3           5  -8.4550000000000001               -1
   40.095999999999997                2           6          11   33.405999999999999                1           1           1  -6.6900000000000004               -1
   67.854999999999990                2           7          15   34.406999999999996                0           0           1  -33.448000000000000               -1
   62.004999999999995                2           7          15   34.406999999999996                0           1           3  -27.597999999999999                1
   60.744999999999997                2           7          15   34.406999999999996                0           1           1  -26.338000000000001                1
   55.231999999999999                2           7          15   34.406999999999996                0           2           5  -20.824999999999999               -1
   52.394999999999996                2           7          15   34.406999999999996                0           2           3  -17.988000000000000               -1
   51.459999999999994                2           7          15   34.406999999999996                1           0           1  -17.053000000000001               -1
   47.765999999999998                2           7          15   34.406999999999996                0           3           7  -13.359000000000000                1
   42.923999999999992                2           7          15   34.406999999999996                1           1           3  -8.5169999999999995                1
   42.861999999999995                2           7          15   34.406999999999996                0           3           5  -8.4550000000000001                1
   41.096999999999994                2           7          15   34.406999999999996                1           1           1  -6.6900000000000004                1
   69.640000000000001                1           8          15   36.192000000000000                0           0           1  -33.448000000000000                1
   63.789999999999999                1           8          15   36.192000000000000                0           1           3  -27.597999999999999               -1
   62.530000000000001                1           8          15   36.192000000000000                0           1           1  -26.338000000000001               -1
   57.016999999999996                1           8          15   36.192000000000000                0           2           5  -20.824999999999999                1
   54.180000000000000                1           8          15   36.192000000000000                0           2           3  -17.988000000000000                1
   53.245000000000005                1           8          15   36.192000000000000                1           0           1  -17.053000000000001                1
   49.551000000000002                1           8          15   36.192000000000000                0           3           7  -13.359000000000000               -1
   44.709000000000003                1           8          15   36.192000000000000                1           1           3  -8.5169999999999995               -1
   44.646999999999998                1           8          15   36.192000000000000                0           3           5  -8.4550000000000001               -1
   42.881999999999998                1           8          15   36.192000000000000                1           1           1  -6.6900000000000004               -1
   72.460000000000008                2           8          17   39.012000000000000                0           0           1  -33.448000000000000                1
   66.609999999999999                2           8          17   39.012000000000000                0           1           3  -27.597999999999999               -1
   65.349999999999994                2           8          17   39.012000000000000                0           1           1  -26.338000000000001               -1
   59.837000000000003                2           8          17   39.012000000000000                0           2           5  -20.824999999999999                1
   57.000000000000000                2           8          17   39.012000000000000                0           2           3  -17.988000000000000                1
   56.064999999999998                2           8          17   39.012000000000000                1           0           1  -17.053000000000001                1
   52.371000000000002                2           8          17   39.012000000000000                0           3           7  -13.359000000000000               -1
   47.528999999999996                2           8          17   39.012000000000000                1           1           3  -8.5169999999999995               -1
   47.466999999999999                2           8          17   39.012000000000000                0           3           5  -8.4550000000000001               -1
   45.701999999999998                2           8          17   39.012000000000000                1           1           1  -6.6900000000000004               -1
   73.581999999999994                2           7          13   40.134000000000000                0           0           1  -33.448000000000000               -1
   67.731999999999999                2           7          13   40.134000000000000                0           1           3  -27.597999999999999                1
   66.472000000000008                2           7          13   40.134000000000000                0           1           1  -26.338000000000001                1
   60.959000000000003                2           7          13   40.134000000000000                0           2           5  -20.824999999999999               -1
   58.122000000000000                2           7          13   40.134000000000000                0           2           3  -17.988000000000000               -1
   57.186999999999998                2           7          13   40.134000000000000                1           0           1  -17.053000000000001               -1
   53.493000000000002                2           7          13   40.134000000000000                0           3           7  -13.359000000000000                1
   48.650999999999996                2           7          13   40.134000000000000                1           1           3  -8.5169999999999995                1
   48.588999999999999                2           7          13   40.134000000000000                0           3           5  -8.4550000000000001                1
   46.823999999999998                2           7          13   40.134000000000000                1           1           1  -6.6900000000000004                1
   81.651000000000010                2           8          15   48.203000000000003                0           0           1  -33.448000000000000                1
   75.801000000000002                2           8          15   48.203000000000003                0           1           3  -27.597999999999999               -1
   74.540999999999997                2           8          15   48.203000000000003                0           1           1  -26.338000000000001               -1
   69.028000000000006                2           8          15   48.203000000000003                0           2           5  -20.824999999999999                1
   66.191000000000003                2           8          15   48.203000000000003                0           2           3  -17.988000000000000                1
   65.256000000000000                2           8          15   48.203000000000003                1           0           1  -17.053000000000001                1
   61.562000000000005                2           8          15   48.203000000000003                0           3           7  -13.359000000000000               -1
   56.719999999999999                2           8          15   48.203000000000003                1           1           3  -8.5169999999999995               -1
   56.658000000000001                2           8          15   48.203000000000003                0           3           5  -8.4550000000000001               -1
   54.893000000000001                2           8          15   48.203000000000003                1           1           1  -6.6900000000000004               -1
   89.539999999999992                3           8          17   56.091999999999999                0           0           1  -33.448000000000000                1
   83.689999999999998                3           8          17   56.091999999999999                0           1           3  -27.597999999999999               -1
   82.430000000000007                3           8          17   56.091999999999999                0           1           1  -26.338000000000001               -1
   76.917000000000002                3           8          17   56.091999999999999                0           2           5  -20.824999999999999                1
   74.079999999999998                3           8          17   56.091999999999999                0           2           3  -17.988000000000000                1
   73.144999999999996                3           8          17   56.091999999999999                1           0           1  -17.053000000000001                1
   69.450999999999993                3           8          17   56.091999999999999                0           3           7  -13.359000000000000               -1
   64.608999999999995                3           8          17   56.091999999999999                1           1           3  -8.5169999999999995               -1
   64.546999999999997                3           8          17   56.091999999999999                0           3           5  -8.4550000000000001               -1
   62.781999999999996                3           8          17   56.091999999999999                1           1           1  -6.6900000000000004               -1
