   0   0   1 -33.448  10.265   0.000  10.265   40   90    1
   0   1   3 -27.598  11.579   1.315  10.265   40   90    1
   0   1   1 -26.338  11.579   1.315  10.265   40   90    1
   0   2   5 -20.825  14.208   3.944  10.265   40   90    1
   0   2   3 -17.988  14.208   3.944  10.265   40   90    1
   1   0   1 -17.053  10.265   0.000  10.265   40   90    1
   0   3   7 -13.359  18.152   7.887  10.265   40   90    1
   1   1   3  -8.517  11.579   1.315  10.265   40   90    1
   0   3   5  -8.455  18.152   7.887  10.265   40   90    1
   1   1   1  -6.690  11.579   1.315  10.265   40   90    1
   0   4   9  -5.355  23.410  13.145  10.265   40   90    0
   1   2   5  -0.201  14.208   3.944  10.265   40   90    0
   2   0   1   1.855  10.265   0.000  10.265   40   90    0
   0   4   7   1.918  23.410  13.145  10.265   40   90    0
   1   2   3   2.908  14.208   3.944  10.265   40   90    0
   0   5  11   3.050  29.983  19.718  10.265   40   90    0
   1   3   7   7.367  18.152   7.887  10.265   40   90    0
   2   1   3   8.185  11.579   1.315  10.265   40   90    0
   2   1   1   9.114  11.579   1.315  10.265   40   90    0
   1   3   5  10.583  18.152   7.887  10.265   40   90    0
   0   6  13  11.652  37.870  27.605  10.265   40   90    0
   2   2   5  12.063  14.208   3.944  10.265   40   90    0
   0   5   9  12.431  29.983  19.718  10.265   40   90    0
   2   2   3  12.843  14.208   3.944  10.265   40   90    0
   1   4   9  12.937  23.410  13.145  10.265   40   90    0
   1   4   7  14.493  23.410  13.145  10.265   40   90    0
   2   3   7  15.145  18.152   7.887  10.265   40   90    0
   1   5  11  16.240  29.983  19.718  10.265   40   90    0
   2   3   5  16.702  18.152   7.887  10.265   40   90    0
   1   5   9  17.251  29.983  19.718  10.265   40   90    0
   0   6  11  18.327  37.870  27.605  10.265   40   90    0
   1   6  13  18.849  37.870  27.605  10.265   40   90    0
   2   4   9  19.269  23.410  13.145  10.265   40   90    0
   0   7  15  19.305  47.072  36.807  10.265   40   90    0
   0   7  13  20.765  47.072  36.807  10.265   40   90    0
   1   7  15  22.353  47.072  36.807  10.265   40   90    0
   2   4   7  22.637  23.410  13.145  10.265   40   90    0
   0   8  17  22.753  57.588  47.324  10.265   40   90    0
   0   8  15  23.065  57.588  47.324  10.265   40   90    0
   1   6  11  23.951  37.870  27.605  10.265   40   90    0
   2   5  11  24.660  29.983  19.718  10.265   40   90    0
   2   5   9  28.240  29.983  19.718  10.265   40   90    0
   1   8  17  29.717  57.588  47.324  10.265   40   90    0
   2   6  13  29.800  37.870  27.605  10.265   40   90    0
   1   7  13  31.512  47.072  36.807  10.265   40   90    0
   2   6  11  33.406  37.870  27.605  10.265   40   90    0
   2   7  15  34.407  47.072  36.807  10.265   40   90    0
   1   8  15  36.192  57.588  47.324  10.265   40   90    0
   2   8  17  39.012  57.588  47.324  10.265   40   90    0
   2   7  13  40.134  47.072  36.807  10.265   40   90    0
   2   8  15  48.203  57.588  47.324  10.265   40   90    0
   3   8  17  56.092  57.588  47.324  10.265   40   90    0
